0 1 1 1 1 1 1 1 1 1 1 1 1 1 1 1 1 1 1 5
0 11 11 11 11 11 11 60 63 11 11 60 63 11 11 11 11 11 11 15
0 11 11 11 11 11 11 60 63 11 11 60 63 11 11 11 11 11 11 15
0 11 11 11 11 11 11 60 63 36 37 60 63 11 11 11 11 11 11 15
0 11 11 11 11 11 11 70 73 36 37 70 73 11 11 11 11 11 11 15
0 11 11 11 11 11 11 11 11 11 11 11 11 11 11 11 11 11 11 15
0 11 11 50 51 53 11 11 11 11 11 11 11 11 50 51 53 11 11 15
0 11 11 60 50 73 11 11 11 11 11 11 11 11 70 53 63 11 11 15
0 11 11 70 73 11 11 11 11 11 11 11 11 11 11 70 73 11 11 15
0 11 11 11 11 11 11 11 11 50 53 11 11 11 11 11 11 11 11 15
0 11 11 11 11 11 11 11 11 70 73 11 11 11 11 11 11 11 11 15
0 11 11 50 53 11 11 11 11 11 11 11 11 11 11 50 53 11 11 15
0 11 11 60 70 53 11 11 11 11 11 11 11 11 50 73 63 11 11 15
0 11 11 70 71 73 11 11 11 11 11 11 11 11 70 71 73 11 11 15
0 11 11 11 11 11 11 11 11 11 11 11 11 11 11 11 11 11 11 15
0 11 11 11 11 11 11 50 53 36 37 50 53 11 11 11 11 11 11 15
0 11 11 11 11 11 11 60 63 36 37 60 63 11 11 11 11 11 11 15
0 11 11 11 11 11 11 60 63 11 11 60 63 11 11 11 11 11 11 15
0 11 11 11 11 11 11 60 63 11 11 60 63 11 11 11 11 11 11 15
0 41 41 41 41 41 41 41 41 41 41 41 41 41 41 41 41 41 41 41
