1 1 1 1 1 1 1 1 1 1 1 1 1 1 1 1 1 1 1 1 1 1 1 1 1 1 1 1 1 1
1 0 0 0 0 0 0 0 0 1 1 0 0 0 0 0 0 0 0 1 1 0 0 0 0 0 0 0 0 1
1 0 0 0 0 0 0 0 0 1 1 0 0 0 0 0 0 0 0 1 1 0 0 0 0 0 0 0 0 1
1 0 0 0 0 0 0 0 0 1 1 0 0 -2 0 0 -2 0 0 1 1 0 0 -2 0 0 -2 0 0 1
1 0 0 0 -1 0 0 0 0 0 0 0 0 0 0 0 0 0 0 0 0 0 0 0 0 0 0 0 0 1
1 0 0 0 0 0 0 0 0 -13 0 0 0 0 0 0 0 0 0 -15 0 0 0 0 0 0 0 0 0 1
1 0 0 0 0 0 0 0 0 1 1 0 0 -2 0 0 -2 0 0 1 1 0 0 -2 0 0 -2 0 0 1
1 0 0 0 0 0 0 0 0 1 1 0 0 0 0 0 0 0 0 1 1 0 0 0 0 0 0 0 0 1
1 0 0 0 0 0 0 0 0 1 1 0 0 0 0 0 0 0 0 1 1 0 0 0 0 0 0 0 0 1
1 1 1 1 1 1 1 1 1 1 1 1 1 1 1 1 1 1 1 1 1 1 1 1 0 0 1 1 1 1
1 1 1 1 1 1 1 1 1 1 1 1 1 1 1 1 1 1 1 1 1 1 1 1 -16 0 1 1 1 1
1 0 0 0 0 0 0 0 0 1 1 0 0 0 0 0 0 0 0 1 1 0 0 0 0 0 0 0 0 1
1 0 0 0 0 0 0 0 0 1 1 0 0 0 0 0 0 0 0 1 1 0 0 0 0 0 0 0 0 1
1 0 -2 0 0 0 -2 0 0 1 1 0 0 -2 0 0 -2 0 0 1 1 0 0 -2 0 0 -2 0 0 1
1 0 0 0 0 0 0 0 0 0 0 0 0 0 0 0 0 0 0 0 -0 0 0 0 0 0 0 0 0 1
1 0 0 0 0 0 0 0 0 -21 0  0 0 0 0 0 0 0 0 -19 0 0 0 0 0 0 0 0 0 1
1 0 0 -2 0 0 -2 0 0 1 1 0 0 -2 0 0 -2 0 0 1 1 0 0 -2 0 0 -2 0 0 1
1 0 0 0 0 0 0 0 0 1 1 0 0 0 0 0 0 0 0 1 1 0 0 0 0 0 0 0 0 1
1 0 0 0 0 0 0 0 0 1 1 0 0 0 0 0 0 0 0 1 1 0 0 0 0 0 0 0 0 1
1 1 1 1 0 0 1 1 1 1 1 1 1 1 1 1 1 1 1 1 1 1 1 1 1 1 1 1 1 1 1
1 1 1 1 -22 0 1 1 1 1 1 1 1 1 1 1 1 1 1 1 1 1 1 1 1 1 1 1 1 1
1 0 0 0 0 0 0 0 0 1 1 0 0 0 0 0 0 0 0 1 1 0 0 0 0 0 0 0 0 1
1 0 0 0 0 0 0 0 0 1 1 0 0 0 0 0 0 0 0 1 1 0 0 0 0 0 0 0 0 1
1 0 0 -2 0 0 -2 0 0 1 1 0 0 -2 0 0 -2 0 0 1 1 0 0 -2 0 0 -2 0 0 1
1 0 0 0 0 0 0 0 0 0 0 0 0 0 0 0 0 0 0 0 0 0 0 0 0 0 0 -99 1
1 0 0 0 0 0 0 0 0 -25 0 0 0 0 0 0 0 0 -27 0 0 0 0 0 0 0 -99 1
1 0 0 -2 0 0 -2 0 0 1 1 0 0 -2 0 0 -2 0 0 1 1 0 0 -2 0 0 -2 0 0 1
1 0 0 0 0 0 0 0 0 1 1 0 0 0 0 0 0 0 0 1 1 0 0 0 0 0 0 0 0 1
1 0 0 0 0 0 0 0 0 1 1 0 0 0 0 0 0 0 0 1 1 0 0 0 0 0 0 0 0 1
1 1 1 1 1 1 1 1 1 1 1 1 1 1 1 1 1 1 1 1 1 1 1 1 1 1 1 1 1 1
