0 1 1 1 1 1 1 1 1 1 1 1 1 1 1 1 1 1 1 1 1 1 1 1 1 1 1 1 1 5
0 11 11 11 11 11 11 11 11 15 0 11 11 11 11 11 11 11 11 15 0 11 11 11 11 11 11 11 11 15
0 11 11 11 11 11 11 11 11 15 0 11 11 11 11 11 11 11 11 15 0 11 11 11 11 11 11 11 11 15
0 11 11 11 11 11 11 11 11 15 0 11 11 11 11 11 11 11 11 15 0 11 11 11 11 11 11 11 11 15
0 11 11 11 11 11 11 11 11 47 11 11 11 11 11 11 11 11 11 47 11 11 11 11 11 11 11 11 11 15
0 11 11 11 11 11 11 11 11 57 11 11 11 11 11 11 11 11 11 57 11 11 11 11 11 11 11 11 11 15
0 11 11 11 11 11 11 11 11 15 0 11 11 11 11 11 11 11 11 15 0 11 11 11 11 11 11 11 11 15
0 11 11 11 11 11 11 11 11 15 0 11 11 11 11 11 11 11 11 15 0 11 11 11 11 11 11 11 11 15
0 11 11 11 11 11 11 11 11 15 0 11 11 11 11 11 11 11 11 15 0 11 11 11 11 11 11 11 11 15
0 41 41 41 41 41 41 41 41 41 41 41 41 41 41 41 41 41 41 41 41 41 41 41 36 37 41 41 41 15
0 1 1 1 1 1 1 1 1 1 1 1 1 1 1 1 1 1 1 1 1 1 1 1 11 11 1 1 1 15
0 11 11 11 11 11 11 11 11 15 0 11 11 11 11 11 11 11 11 15 0 11 11 11 11 11 11 11 11 15
0 11 11 11 11 11 11 11 11 15 0 11 11 11 11 11 11 11 11 15 0 11 11 11 11 11 11 11 11 15
0 11 11 11 11 11 11 11 11 15 0 11 11 11 11 11 11 11 11 15 0 11 11 11 11 11 11 11 11 15
0 11 11 11 11 11 11 11 11 11 48 11 11 11 11 11 11 11 11 11 48 11 11 11 11 11 11 11 11 15
0 11 11 11 11 11 11 11 11 11 58 11 11 11 11 11 11 11 11 11 58 11 11 11 11 11 11 11 11 15
0 11 11 11 11 11 11 11 11 15 0 11 11 11 11 11 11 11 11 15 0 11 11 11 11 11 11 11 11 15
0 11 11 11 11 11 11 11 11 15 0 11 11 11 11 11 11 11 11 15 0 11 11 11 11 11 11 11 11 15
0 11 11 11 11 11 11 11 11 15 0 11 11 11 11 11 11 11 11 15 0 11 11 11 11 11 11 11 11 15
0 41 41 41 36 37 41 41 41 41 41 41 41 41 41 41 41 41 41 41 41 41 41 41 41 41 41 41 41 41
0 1 1 1 11 11 1 1 1 1 1 1 1 1 1 1 1 1 1 1 1 1 1 1 1 1 1 1 1 15
0 11 11 11 11 11 11 11 11 15 0 11 11 11 11 11 11 11 11 15 0 11 11 11 11 11 11 11 11 15
0 11 11 11 11 11 11 11 11 15 0 11 11 11 11 11 11 11 11 15 0 11 11 11 11 11 11 11 11 15
0 11 11 11 11 11 11 11 11 15 0 11 11 11 11 11 11 11 11 15 0 11 11 11 11 11 11 11 11 15
0 11 11 11 11 11 11 11 11 47 11 11 11 11 11 11 11 11 11 47 11 11 11 11 11 11 11 11 11 15
0 11 11 11 11 11 11 11 11 57 11 11 11 11 11 11 11 11 11 57 11 11 11 11 11 11 11 11 11 15
0 11 11 11 11 11 11 11 11 15 0 11 11 11 11 11 11 11 11 15 0 11 11 11 11 11 11 11 11 15
0 11 11 11 11 11 11 11 11 15 0 11 11 11 11 11 11 11 11 15 0 11 11 11 11 11 11 11 11 15
0 11 11 11 11 11 11 11 11 15 0 11 11 11 11 11 11 11 11 15 0 11 11 11 11 11 11 11 11 15
0 41 41 41 41 41 41 41 41 41 41 41 41 41 41 41 41 41 41 41 41 41 41 41 41 41 41 41 41 41
